a,b,sum
6313337633,6489775193,12803112826
2212660889,9182300104,11394960993
2787762640,7616528129,10404290769
4808106408,6345211667,11153318075
1167829304,8568673084,9736502388
2114907168,2832687036,4947594204
1016953518,8944903361,9961856879
7922160425,4165075982,12087236407
2855152205,8210506092,11065658297
9630775182,9171376757,18802151939
