a,b,sum
834338,876023,1710361
571197,646080,1217277
803675,223847,1027522
195604,809480,1005084
279133,689330,968463
696871,367365,1064236
494249,628433,1122682
838583,853988,1692571
550277,916539,1466816
582567,793650,1376217
