a,b,sum
841937033,626822602,1468759635
343624175,368635470,712259645
601422419,429380470,1030802889
348303814,688788168,1037091982
400979927,973131135,1374111062
517817999,665600170,1183418169
205221287,654013412,859234699
186658437,937816531,1124474968
991959113,950232739,1942191852
331286258,703136048,1034422306
